Сталкеры (1*)
Бандиты  (1*)
Чистое Небо  (1*)
Монолит (1*)
Свобода (1*)
Долг  (1*)
Наемники (1*)
Военные  (1*)
Зомбированные  (1*)
Последнийй День #;
Грех  #;
Ренегаты (1*)
О-сознание (1*)

Хранители (1*)

Хранители-Группировка которая появилась раньше сталкеров.Хранители очень враждебны ко многим группировкам...
Ее база находится на Восточном Кордоне...

Тут можно посмотреть уровень Дружелюбия/враждебности:
Где:
0 -Нейтралитет
5000/1000 -являются друзьями
-5000/-1000 -являются врагами

Где keeper,там Хранители:


[communities_relations]
;              |actor|actor_bandit|actor_dolg|actor_freedom|actor_stalker|arena_enemy|bandit| csky| dolg|ecolog|freedom|killer|    army|monolith|monster|stalker|trader| zombied|actor_csky|renegade|keeper|
;============================================================================================================================================================================================================
actor         =     0,           0,         0,            0,            0,      -5000,     0,    0,    0,     0,      0, -1000,   -5000,   -5000,  -5000,      0,     0,   -5000,         0,   -5000,      0
actor_bandit  =     0,           0,         0,            0,            0,      -5000,  1000,    0,-5000,     0,      0, -1000,   -5000,   -5000,  -5000,  -5000,     0,   -5000,     -5000,    1000,  -5000
actor_dolg    =     0,       	 0,         0,            0,            0,      -5000, -5000,    0, 1000,     0,  -5000, -1000,   -5000,   -5000,  -5000,      0,     0,   -5000,         0,   -5000,      0
actor_freedom =     0,           0,         0,            0,            0,      -5000,     0,    0,-5000,     0,   1000, -1000,   -5000,   -5000,  -5000,      0,     0,   -5000,         0,       0,   5000
actor_stalker =     0,           0,         0,            0,            0,      -5000, -5000,    0,    0,     0,      0, -1000,   -5000,   -5000,  -5000,   1000,     0,   -5000,         0,   -5000,   1000
arena_enemy   = -5000,       -5000,     -5000,        -5000,        -5000,          0, -5000,-5000,-5000,     0,  -5000, -5000,   -5000,   -5000,  -5000,  -5000,     0,   -5000,     -5000,   -5000,  -5000
bandit        =     0,        1000,     -5000,            0,        -5000,      -5000,  5000,-5000,-5000,     0,  -5000,     0,   -5000,   -5000,  -5000,  -1000,     0,   -5000,         0,    1000,  -5000
csky          =     0,           0,         0,            0,            0,      -5000, -5000, 1000,    0,     0,      0,     0,   -5000,   -5000,  -5000,      0,     0,   -5000,      1000,   -5000,   1000
dolg          =     0,       -5000,      1000,        -5000,            0,      -5000, -5000,    0, 5000,     0,  -5000,     0,   -5000,   -5000,  -5000,      0,     0,   -5000,         0,   -5000,      0
ecolog        =     0,           0,         0,            0,            0,          0,     0,    0,    0,     0,      0,     0,       0,       0,      0,      0,     0,       0,         0,       0,      0
freedom       =     0,           0,     -5000,         1000,            0,      -5000, -5000,    0,-5000,     0,   5000, -5000,   -5000,   -5000,  -5000,      0,     0,   -5000,         0,   -5000,   5000
killer        = -1000,       -1000,     -1000,        -1000,        -1000,      -5000,     0,    0,    0,     0,  -5000,  1000,   -5000,   -5000,  -5000,      0,     0,   -5000,         0,   -5000,   5000
army          = -5000,       -5000,     -5000,        -5000,        -5000,      -5000, -5000,    0,-5000,     0,  -5000, -5000,    1000,   -5000,  -5000,  -1000,     0,   -5000,     -5000,   -5000,  -5000   
monolith      = -5000,       -5000,     -5000,        -5000,        -5000,      -5000, -5000,-5000,-5000,     0,  -5000, -5000,   -5000,    1000,  -5000,  -5000,     0,    1000,     -5000,   -5000,  -5000
monster       = -5000,       -5000,     -5000,        -5000,        -5000,      -5000, -5000,-5000,-5000,     0,  -5000, -5000,   -5000,   -5000,      0,  -5000,     0,   -5000,     -5000,   -5000,  -5000
stalker       =     0,       -5000,         0,            0,         1000,      -5000, -1000,    0,    0,     0,      0,     0,   -1000,   -5000,  -5000,      0,     0,   -5000,         0,       0,   1000
trader        =     0,           0,         0,            0,            0,          0,     0,    0,    0,     0,      0,     0,       0,       0,      0,      0,     0,       0,         0,       0,      0
zombied       = -5000,       -5000,     -5000,        -5000,        -5000,      -5000, -5000,-5000,-5000,     0,  -5000, -5000,   -5000,    1000,  -5000,  -5000,     0,    1000,     -5000,   -5000,      0
actor_csky    =     0,       -5000,         0,            0,            0,      -5000,     0, 1000,    0,     0,      0,     0,   -5000,   -5000,  -5000,      0,     0,   -5000,      1000,   -5000,   5000
renegade      = -5000,        1000,     -5000,            0,        -5000,      -5000, -1000, 5000,-5000,     0,   1000, -5000,   -5000,   -5000,  -5000,      0,     0,   -5000,     -5000,   -5000,  -5000
keeper        = -5000,       -5000,     -5000,         1000,            0,      -5000, -5000, 1000,    0,     0,   5000,  5000,   -5000,       0,  -5000,   1000,     0,       0,      1000,   -5000,   5000

arena_enemy - это враги с арены ТЧ где Арни...Странно что они не были вырезанны...Так как нам не дают шанс быть на арене...


Мертвецы (/?/) #;

Мертвецы-бывшие бандиты и ренегаты...ОбЪединились для того чтоб уничтожить все группировки...

Разрушители [X]